分辨率统计：
	(1760, 2640, 3):79张
	(1116, 1674, 3):3张
	(1238, 1857, 3):1张
	(1297, 1945, 3):1张
	(1341, 2012, 3):1张
	(1225, 1837, 3):1张
	(1094, 1641, 3):1张
	(1142, 1713, 3):1张
	(1205, 1807, 3):1张
	(1240, 1860, 3):1张
	(1341, 2011, 3):1张
	(1234, 1851, 3):1张
	(1518, 2277, 3):1张
	(1281, 1921, 3):1张
	(1295, 1942, 3):1张
	(1261, 1892, 3):1张
	(1099, 1649, 3):1张
	(1181, 1771, 3):1张
	(1428, 2142, 3):1张
	(1433, 2150, 3):1张
	(1423, 2134, 3):1张
	(1136, 1704, 3):1张
	(1475, 2213, 3):1张
	(1233, 1850, 3):1张
	(1468, 2202, 3):1张
	(1218, 1827, 3):1张
	(1241, 1861, 3):1张
	(1254, 1880, 3):1张
	(895, 1343, 3):1张
	(1052, 1579, 3):1张
	(1207, 1810, 3):1张
	(1006, 1508, 3):1张
	(913, 1369, 3):1张
	(1145, 1717, 3):1张
	(1266, 1899, 3):1张
	(1055, 1583, 3):1张
	(1113, 1669, 3):1张
	(1316, 1974, 3):1张
	(1150, 1724, 3):1张
	(1149, 1723, 3):1张
	(1474, 2211, 3):1张
	(1118, 1677, 3):1张
	(927, 1390, 3):1张
	(1451, 2177, 3):1张
